-1.0 -17.99
-0.63 -13.63
-0.61 -10.0
-0.46 -7.6
-0.47 -5.28
-0.74 -4.43
-0.66 -3.09
-0.22 -1.15
-0.57 -0.98
-0.4 0.0
-0.37 0.59
-0.19 1.06
-0.07 0.38
0.18 1.55
0.22 0.6
0.09 0.99
0.36 0.69
0.14 0.8
0.25 1.23
0.52 1.28
0.54 1.33
0.84 0.35
0.6 0.07
0.61 0.09
1.21 0.89
0.76 -0.14
1.37 0.82
1.09 -0.34
1.46 0.02
1.36 0.03
1.55 -0.16
1.26 -0.61
1.36 -0.86
1.44 -0.55
1.98 -0.1
1.88 -0.64
1.96 0.13
1.71 -0.13
1.93 -0.21
1.93 -0.83
2.48 -0.47
2.25 -0.76
2.3 -0.81
2.24 0.31
2.61 -0.17
2.64 -0.24
2.54 0.63
2.78 0.41
2.86 0.46
2.83 0.82
2.8 0.08
2.78 0.47
3.11 1.25
2.97 0.75
3.16 1.72
3.39 1.84
3.52 1.98
3.84 1.89
3.66 2.28
3.66 2.29
3.73 3.18
4.13 2.34
3.84 3.49
4.01 3.09